1
5 100
9 29
45 65
96 34
24 90
57 5
51 62
0 8 16 11 12 1 2 3 4 9 1 4 19 16 25 25 16 9 4 1 1 9 17 7 11 21 21 9 4 1 2 1 23 16 12 13 13 13 13 13 3 18 4 2 3 9 16 1 2 3 5 19 8 8 8 1 2 6 1 4 8 20 16 17 16 17 20 33 9 31 13 37 22 20 22 1 29 4 7 2 21 16 16 28 46 28 2 15 6 1 34 9 2 7 1 1 20 16 9 1
5 19 8 8 8 1 2 6 1 4 8 20 16 17 16 17 20 33 9 31 13 37 22 20 22 1 29 4 7 2 21 16 16 28 46 28 2 15 6 1 34 9 2 7 1 1 20 16 9 1 0 8 16 11 12 1 2 3 4 9 1 4 19 16 25 25 16 9 4 1 1 9 17 7 11 21 21 9 4 1 2 1 23 16 12 13 13 13 13 13 3 18 4 2 3 9 16 1 2 3
13 37 22 20 22 1 29 4 7 2 21 16 16 28 46 28 2 15 6 1 34 9 2 7 1 1 20 16 9 1 0 8 16 11 12 1 2 3 4 9 1 4 19 16 25 25 16 9 4 1 1 9 17 7 11 21 21 9 4 1 2 1 23 16 12 13 13 13 13 13 3 18 4 2 3 9 16 1 2 3 5 19 8 8 8 1 2 6 1 4 8 20 16 17 16 17 20 33 9 31
1 9 17 7 11 21 21 9 4 1 2 1 23 16 12 13 13 13 13 13 3 18 4 2 3 9 16 1 2 3 5 19 8 8 8 1 2 6 1 4 8 20 16 17 16 17 20 33 9 31 13 37 22 20 22 1 29 4 7 2 21 16 16 28 46 28 2 15 6 1 34 9 2 7 1 1 20 16 9 1 0 8 16 11 12 1 2 3 4 9 1 4 19 16 25 25 16 9 4 1
34 9 2 7 1 1 20 16 9 1 0 8 16 11 12 1 2 3 4 9 1 9 17 7 11 21 21 9 4 1 2 1 23 16 12 13 13 13 13 13 3 18 4 2 3 9 16 1 2 3 5 19 8 8 8 1 2 6 1 4 8 20 16 17 16 17 20 33 9 31 13 37 22 20 22 1 29 4 7 2 21 16 16 28 46 28 2 15 6 1 1 4 19 16 25 25 16 9 4 1
0 8 16 11 12 1 2 3 4 9 1 4 19 16 25 25 16 9 4 1 1 9 17 7 11 21 21 9 4 1 2 1 23 16 12 13 13 13 13 13 3 18 4 2 3 9 16 1 2 3 5 19 8 8 8 1 2 6 1 4 8 20 16 17 16 17 20 33 9 31 13 37 22 20 22 1 29 4 7 2 21 16 16 28 46 28 2 15 6 1 34 9 2 7 1 1 20 16 9 1
5 19 8 8 8 1 2 6 1 4 8 20 16 17 16 17 20 33 9 31 13 37 22 20 22 1 29 4 7 2 21 16 16 28 46 28 2 15 6 1 34 9 2 7 1 1 20 16 9 1 0 8 16 11 12 1 2 3 4 9 1 4 19 16 25 25 16 9 4 1 1 9 17 7 11 21 21 9 4 1 2 1 23 16 12 13 13 13 13 13 3 18 4 2 3 9 16 1 2 3
13 37 22 20 22 1 29 4 7 2 21 16 16 28 46 28 2 15 6 1 34 9 2 7 1 1 20 16 9 1 0 8 16 11 12 1 2 3 4 9 1 4 19 16 25 25 16 9 4 1 1 9 17 7 11 21 21 9 4 1 2 1 23 16 12 13 13 13 13 13 3 18 4 2 3 9 16 1 2 3 5 19 8 8 8 1 2 6 1 4 8 20 16 17 16 17 20 33 9 31
1 9 17 7 11 21 21 9 4 1 2 1 23 16 12 13 13 13 13 13 3 18 4 2 3 9 16 1 2 3 5 19 8 8 8 1 2 6 1 4 8 20 16 17 16 17 20 33 9 31 13 37 22 20 22 1 29 4 7 2 21 16 16 28 46 28 2 15 6 1 34 9 2 7 1 1 20 16 9 1 0 8 16 11 12 1 2 3 4 9 1 4 19 16 25 25 16 9 4 1
34 9 2 7 1 1 20 16 9 1 0 8 16 11 12 1 2 3 4 9 1 9 17 7 11 21 21 9 4 1 2 1 23 16 12 13 13 13 13 13 3 18 4 2 3 9 16 1 2 3 5 19 8 8 8 1 2 6 1 4 8 20 16 17 16 17 20 33 9 31 13 37 22 20 22 1 29 4 7 2 21 16 16 28 46 28 2 15 6 1 1 4 19 16 25 25 16 9 4 1
0 8 16 11 12 1 2 3 4 9 1 4 19 16 25 25 16 9 4 1 1 9 17 7 11 21 21 9 4 1 2 1 23 16 12 13 13 13 13 13 3 18 4 2 3 9 16 1 2 3 5 19 8 8 8 1 2 6 1 4 8 20 16 17 16 17 20 33 9 31 13 37 22 20 22 1 29 4 7 2 21 16 16 28 46 28 2 15 6 1 34 9 2 7 1 1 20 16 9 1
5 19 8 8 8 1 2 6 1 4 8 20 16 17 16 17 20 33 9 31 13 37 22 20 22 1 29 4 7 2 21 16 16 28 46 28 2 15 6 1 34 9 2 7 1 1 20 16 9 1 0 8 16 11 12 1 2 3 4 9 1 4 19 16 25 25 16 9 4 1 1 9 17 7 11 21 21 9 4 1 2 1 23 16 12 13 13 13 13 13 3 18 4 2 3 9 16 1 2 3
13 37 22 20 22 1 29 4 7 2 21 16 16 28 46 28 2 15 6 1 34 9 2 7 1 1 20 16 9 1 0 8 16 11 12 1 2 3 4 9 1 4 19 16 25 25 16 9 4 1 1 9 17 7 11 21 21 9 4 1 2 1 23 16 12 13 13 13 13 13 3 18 4 2 3 9 16 1 2 3 5 19 8 8 8 1 2 6 1 4 8 20 16 17 16 17 20 33 9 31
1 9 17 7 11 21 21 9 4 1 2 1 23 16 12 13 13 13 13 13 3 18 4 2 3 9 16 1 2 3 5 19 8 8 8 1 2 6 1 4 8 20 16 17 16 17 20 33 9 31 13 37 22 20 22 1 29 4 7 2 21 16 16 28 46 28 2 15 6 1 34 9 2 7 1 1 20 16 9 1 0 8 16 11 12 1 2 3 4 9 1 4 19 16 25 25 16 9 4 1
34 9 2 7 1 1 20 16 9 1 0 8 16 11 12 1 2 3 4 9 1 9 17 7 11 21 21 9 4 1 2 1 23 16 12 13 13 13 13 13 3 18 4 2 3 9 16 1 2 3 5 19 8 8 8 1 2 6 1 4 8 20 16 17 16 17 20 33 9 31 13 37 22 20 22 1 29 4 7 2 21 16 16 28 46 28 2 15 6 1 1 4 19 16 25 25 16 9 4 1
0 8 16 11 12 1 2 3 4 9 1 4 19 16 25 25 16 9 4 1 1 9 17 7 11 21 21 9 4 1 2 1 23 16 12 13 13 13 13 13 3 18 4 2 3 9 16 1 2 3 5 19 8 8 8 1 2 6 1 4 8 20 16 17 16 17 20 33 9 31 13 37 22 20 22 1 29 4 7 2 21 16 16 28 46 28 2 15 6 1 34 9 2 7 1 1 20 16 9 1
5 19 8 8 8 1 2 6 1 4 8 20 16 17 16 17 20 33 9 31 13 37 22 20 22 1 29 4 7 2 21 16 16 28 46 28 2 15 6 1 34 9 2 7 1 1 20 16 9 1 0 8 16 11 12 1 2 3 4 9 1 4 19 16 25 25 16 9 4 1 1 9 17 7 11 21 21 9 4 1 2 1 23 16 12 13 13 13 13 13 3 18 4 2 3 9 16 1 2 3
13 37 22 20 22 1 29 4 7 2 21 16 16 28 46 28 2 15 6 1 34 9 2 7 1 1 20 16 9 1 0 8 16 11 12 1 2 3 4 9 1 4 19 16 25 25 16 9 4 1 1 9 17 7 11 21 21 9 4 1 2 1 23 16 12 13 13 13 13 13 3 18 4 2 3 9 16 1 2 3 5 19 8 8 8 1 2 6 1 4 8 20 16 17 16 17 20 33 9 31
1 9 17 7 11 21 21 9 4 1 2 1 23 16 12 13 13 13 13 13 3 18 4 2 3 9 16 1 2 3 5 19 8 8 8 1 2 6 1 4 8 20 16 17 16 17 20 33 9 31 13 37 22 20 22 1 29 4 7 2 21 16 16 28 46 28 2 15 6 1 34 9 2 7 1 1 20 16 9 1 0 8 16 11 12 1 2 3 4 9 1 4 19 16 25 25 16 9 4 1
34 9 2 7 1 1 20 16 9 1 0 8 16 11 12 1 2 3 4 9 1 9 17 7 11 21 21 9 4 1 2 1 23 16 12 13 13 13 13 13 3 18 4 2 3 9 16 1 2 3 5 19 8 8 8 1 2 6 1 4 8 20 16 17 16 17 20 33 9 31 13 37 22 20 22 1 29 4 7 2 21 16 16 28 46 28 2 15 6 1 1 4 19 16 25 25 16 9 4 1
0 8 16 11 12 1 2 3 4 9 1 4 19 16 25 25 16 9 4 1 1 9 17 7 11 21 21 9 4 1 2 1 23 16 12 13 13 13 13 13 3 18 4 2 3 9 16 1 2 3 5 19 8 8 8 1 2 6 1 4 8 20 16 17 16 17 20 33 9 31 13 37 22 20 22 1 29 4 7 2 21 16 16 28 46 28 2 15 6 1 34 9 2 7 1 1 20 16 9 1
5 19 8 8 8 1 2 6 1 4 8 20 16 17 16 17 20 33 9 31 13 37 22 20 22 1 29 4 7 2 21 16 16 28 46 28 2 15 6 1 34 9 2 7 1 1 20 16 9 1 0 8 16 11 12 1 2 3 4 9 1 4 19 16 25 25 16 9 4 1 1 9 17 7 11 21 21 9 4 1 2 1 23 16 12 13 13 13 13 13 3 18 4 2 3 9 16 1 2 3
13 37 22 20 22 1 29 4 7 2 21 16 16 28 46 28 2 15 6 1 34 9 2 7 1 1 20 16 9 1 0 8 16 11 12 1 2 3 4 9 1 4 19 16 25 25 16 9 4 1 1 9 17 7 11 21 21 9 4 1 2 1 23 16 12 13 13 13 13 13 3 18 4 2 3 9 16 1 2 3 5 19 8 8 8 1 2 6 1 4 8 20 16 17 16 17 20 33 9 31
1 9 17 7 11 21 21 9 4 1 2 1 23 16 12 13 13 13 13 13 3 18 4 2 3 9 16 1 2 3 5 19 8 8 8 1 2 6 1 4 8 20 16 17 16 17 20 33 9 31 13 37 22 20 22 1 29 4 7 2 21 16 16 28 46 28 2 15 6 1 34 9 2 7 1 1 20 16 9 1 0 8 16 11 12 1 2 3 4 9 1 4 19 16 25 25 16 9 4 1
34 9 2 7 1 1 20 16 9 1 0 8 16 11 12 1 2 3 4 9 1 9 17 7 11 21 21 9 4 1 2 1 23 16 12 13 13 13 13 13 3 18 4 2 3 9 16 1 2 3 5 19 8 8 8 1 2 6 1 4 8 20 16 17 16 17 20 33 9 31 13 37 22 20 22 1 29 4 7 2 21 16 16 28 46 28 2 15 6 1 1 4 19 16 25 25 16 9 4 1
0 8 16 11 12 1 2 3 4 9 1 4 19 16 25 25 16 9 4 1 1 9 17 7 11 21 21 9 4 1 2 1 23 16 12 13 13 13 13 13 3 18 4 2 3 9 16 1 2 3 5 19 8 8 8 1 2 6 1 4 8 20 16 17 16 17 20 33 9 31 13 37 22 20 22 1 29 4 7 2 21 16 16 28 46 28 2 15 6 1 34 9 2 7 1 1 20 16 9 1
5 19 8 8 8 1 2 6 1 4 8 20 16 17 16 17 20 33 9 31 13 37 22 20 22 1 29 4 7 2 21 16 16 28 46 28 2 15 6 1 34 9 2 7 1 1 20 16 9 1 0 8 16 11 12 1 2 3 4 9 1 4 19 16 25 25 16 9 4 1 1 9 17 7 11 21 21 9 4 1 2 1 23 16 12 13 13 13 13 13 3 18 4 2 3 9 16 1 2 3
13 37 22 20 22 1 29 4 7 2 21 16 16 28 46 28 2 15 6 1 34 9 2 7 1 1 20 16 9 1 0 8 16 11 12 1 2 3 4 9 1 4 19 16 25 25 16 9 4 1 1 9 17 7 11 21 21 9 4 1 2 1 23 16 12 13 13 13 13 13 3 18 4 2 3 9 16 1 2 3 5 19 8 8 8 1 2 6 1 4 8 20 16 17 16 17 20 33 9 31
1 9 17 7 11 21 21 9 4 1 2 1 23 16 12 13 13 13 13 13 3 18 4 2 3 9 16 1 2 3 5 19 8 8 8 1 2 6 1 4 8 20 16 17 16 17 20 33 9 31 13 37 22 20 22 1 29 4 7 2 21 16 16 28 46 28 2 15 6 1 34 9 2 7 1 1 20 16 9 1 0 8 16 11 12 1 2 3 4 9 1 4 19 16 25 25 16 9 4 1
34 9 2 7 1 1 20 16 9 1 0 8 16 11 12 1 2 3 4 9 1 9 17 7 11 21 21 9 4 1 2 1 23 16 12 13 13 13 13 13 3 18 4 2 3 9 16 1 2 3 5 19 8 8 8 1 2 6 1 4 8 20 16 17 16 17 20 33 9 31 13 37 22 20 22 1 29 4 7 2 21 16 16 28 46 28 2 15 6 1 1 4 19 16 25 25 16 9 4 1
0 8 16 11 12 1 2 3 4 9 1 4 19 16 25 25 16 9 4 1 1 9 17 7 11 21 21 9 4 1 2 1 23 16 12 13 13 13 13 13 3 18 4 2 3 9 16 1 2 3 5 19 8 8 8 1 2 6 1 4 8 20 16 17 16 17 20 33 9 31 13 37 22 20 22 1 29 4 7 2 21 16 16 28 46 28 2 15 6 1 34 9 2 7 1 1 20 16 9 1
5 19 8 8 8 1 2 6 1 4 8 20 16 17 16 17 20 33 9 31 13 37 22 20 22 1 29 4 7 2 21 16 16 28 46 28 2 15 6 1 34 9 2 7 1 1 20 16 9 1 0 8 16 11 12 1 2 3 4 9 1 4 19 16 25 25 16 9 4 1 1 9 17 7 11 21 21 9 4 1 2 1 23 16 12 13 13 13 13 13 3 18 4 2 3 9 16 1 2 3
13 37 22 20 22 1 29 4 7 2 21 16 16 28 46 28 2 15 6 1 34 9 2 7 1 1 20 16 9 1 0 8 16 11 12 1 2 3 4 9 1 4 19 16 25 25 16 9 4 1 1 9 17 7 11 21 21 9 4 1 2 1 23 16 12 13 13 13 13 13 3 18 4 2 3 9 16 1 2 3 5 19 8 8 8 1 2 6 1 4 8 20 16 17 16 17 20 33 9 31
1 9 17 7 11 21 21 9 4 1 2 1 23 16 12 13 13 13 13 13 3 18 4 2 3 9 16 1 2 3 5 19 8 8 8 1 2 6 1 4 8 20 16 17 16 17 20 33 9 31 13 37 22 20 22 1 29 4 7 2 21 16 16 28 46 28 2 15 6 1 34 9 2 7 1 1 20 16 9 1 0 8 16 11 12 1 2 3 4 9 1 4 19 16 25 25 16 9 4 1
34 9 2 7 1 1 20 16 9 1 0 8 16 11 12 1 2 3 4 9 1 9 17 7 11 21 21 9 4 1 2 1 23 16 12 13 13 13 13 13 3 18 4 2 3 9 16 1 2 3 5 19 8 8 8 1 2 6 1 4 8 20 16 17 16 17 20 33 9 31 13 37 22 20 22 1 29 4 7 2 21 16 16 28 46 28 2 15 6 1 1 4 19 16 25 25 16 9 4 1
0 8 16 11 12 1 2 3 4 9 1 4 19 16 25 25 16 9 4 1 1 9 17 7 11 21 21 9 4 1 2 1 23 16 12 13 13 13 13 13 3 18 4 2 3 9 16 1 2 3 5 19 8 8 8 1 2 6 1 4 8 20 16 17 16 17 20 33 9 31 13 37 22 20 22 1 29 4 7 2 21 16 16 28 46 28 2 15 6 1 34 9 2 7 1 1 20 16 9 1
5 19 8 8 8 1 2 6 1 4 8 20 16 17 16 17 20 33 9 31 13 37 22 20 22 1 29 4 7 2 21 16 16 28 46 28 2 15 6 1 34 9 2 7 1 1 20 16 9 1 0 8 16 11 12 1 2 3 4 9 1 4 19 16 25 25 16 9 4 1 1 9 17 7 11 21 21 9 4 1 2 1 23 16 12 13 13 13 13 13 3 18 4 2 3 9 16 1 2 3
13 37 22 20 22 1 29 4 7 2 21 16 16 28 46 28 2 15 6 1 34 9 2 7 1 1 20 16 9 1 0 8 16 11 12 1 2 3 4 9 1 4 19 16 25 25 16 9 4 1 1 9 17 7 11 21 21 9 4 1 2 1 23 16 12 13 13 13 13 13 3 18 4 2 3 9 16 1 2 3 5 19 8 8 8 1 2 6 1 4 8 20 16 17 16 17 20 33 9 31
1 9 17 7 11 21 21 9 4 1 2 1 23 16 12 13 13 13 13 13 3 18 4 2 3 9 16 1 2 3 5 19 8 8 8 1 2 6 1 4 8 20 16 17 16 17 20 33 9 31 13 37 22 20 22 1 29 4 7 2 21 16 16 28 46 28 2 15 6 1 34 9 2 7 1 1 20 16 9 1 0 8 16 11 12 1 2 3 4 9 1 4 19 16 25 25 16 9 4 1
34 9 2 7 1 1 20 16 9 1 0 8 16 11 12 1 2 3 4 9 1 9 17 7 11 21 21 9 4 1 2 1 23 16 12 13 13 13 13 13 3 18 4 2 3 9 16 1 2 3 5 19 8 8 8 1 2 6 1 4 8 20 16 17 16 17 20 33 9 31 13 37 22 20 22 1 29 4 7 2 21 16 16 28 46 28 2 15 6 1 1 4 19 16 25 25 16 9 4 1
0 8 16 11 12 1 2 3 4 9 1 4 19 16 25 25 16 9 4 1 1 9 17 7 11 21 21 9 4 1 2 1 23 16 12 13 13 13 13 13 3 18 4 2 3 9 16 1 2 3 5 19 8 8 8 1 2 6 1 4 8 20 16 17 16 17 20 33 9 31 13 37 22 20 22 1 29 4 7 2 21 16 16 28 46 28 2 15 6 1 34 9 2 7 1 1 20 16 9 1
5 19 8 8 8 1 2 6 1 4 8 20 16 17 16 17 20 33 9 31 13 37 22 20 22 1 29 4 7 2 21 16 16 28 46 28 2 15 6 1 34 9 2 7 1 1 20 16 9 1 0 8 16 11 12 1 2 3 4 9 1 4 19 16 25 25 16 9 4 1 1 9 17 7 11 21 21 9 4 1 2 1 23 16 12 13 13 13 13 13 3 18 4 2 3 9 16 1 2 3
13 37 22 20 22 1 29 4 7 2 21 16 16 28 46 28 2 15 6 1 34 9 2 7 1 1 20 16 9 1 0 8 16 11 12 1 2 3 4 9 1 4 19 16 25 25 16 9 4 1 1 9 17 7 11 21 21 9 4 1 2 1 23 16 12 13 13 13 13 13 3 18 4 2 3 9 16 1 2 3 5 19 8 8 8 1 2 6 1 4 8 20 16 17 16 17 20 33 9 31
1 9 17 7 11 21 21 9 4 1 2 1 23 16 12 13 13 13 13 13 3 18 4 2 3 9 16 1 2 3 5 19 8 8 8 1 2 6 1 4 8 20 16 17 16 17 20 33 9 31 13 37 22 20 22 1 29 4 7 2 21 16 16 28 46 28 2 15 6 1 34 9 2 7 1 1 20 16 9 1 0 8 16 11 12 1 2 3 4 9 1 4 19 16 25 25 16 9 4 1
34 9 2 7 1 1 20 16 9 1 0 8 16 11 12 1 2 3 4 9 1 9 17 7 11 21 21 9 4 1 2 1 23 16 12 13 13 13 13 13 3 18 4 2 3 9 16 1 2 3 5 19 8 8 8 1 2 6 1 4 8 20 16 17 16 17 20 33 9 31 13 37 22 20 22 1 29 4 7 2 21 16 16 28 46 28 2 15 6 1 1 4 19 16 25 25 16 9 4 1
0 8 16 11 12 1 2 3 4 9 1 4 19 16 25 25 16 9 4 1 1 9 17 7 11 21 21 9 4 1 2 1 23 16 12 13 13 13 13 13 3 18 4 2 3 9 16 1 2 3 5 19 8 8 8 1 2 6 1 4 8 20 16 17 16 17 20 33 9 31 13 37 22 20 22 1 29 4 7 2 21 16 16 28 46 28 2 15 6 1 34 9 2 7 1 1 20 16 9 1
5 19 8 8 8 1 2 6 1 4 8 20 16 17 16 17 20 33 9 31 13 37 22 20 22 1 29 4 7 2 21 16 16 28 46 28 2 15 6 1 34 9 2 7 1 1 20 16 9 1 0 8 16 11 12 1 2 3 4 9 1 4 19 16 25 25 16 9 4 1 1 9 17 7 11 21 21 9 4 1 2 1 23 16 12 13 13 13 13 13 3 18 4 2 3 9 16 1 2 3
13 37 22 20 22 1 29 4 7 2 21 16 16 28 46 28 2 15 6 1 34 9 2 7 1 1 20 16 9 1 0 8 16 11 12 1 2 3 4 9 1 4 19 16 25 25 16 9 4 1 1 9 17 7 11 21 21 9 4 1 2 1 23 16 12 13 13 13 13 13 3 18 4 2 3 9 16 1 2 3 5 19 8 8 8 1 2 6 1 4 8 20 16 17 16 17 20 33 9 31
1 9 17 7 11 21 21 9 4 1 2 1 23 16 12 13 13 13 13 13 3 18 4 2 3 9 16 1 2 3 5 19 8 8 8 1 2 6 1 4 8 20 16 17 16 17 20 33 9 31 13 37 22 20 22 1 29 4 7 2 21 16 16 28 46 28 2 15 6 1 34 9 2 7 1 1 20 16 9 1 0 8 16 11 12 1 2 3 4 9 1 4 19 16 25 25 16 9 4 1
34 9 2 7 1 1 20 16 9 1 0 8 16 11 12 1 2 3 4 9 1 9 17 7 11 21 21 9 4 1 2 1 23 16 12 13 13 13 13 13 3 18 4 2 3 9 16 1 2 3 5 19 8 8 8 1 2 6 1 4 8 20 16 17 16 17 20 33 9 31 13 37 22 20 22 1 29 4 7 2 21 16 16 28 46 28 2 15 6 1 1 4 19 16 25 25 16 9 4 1
0 8 16 11 12 1 2 3 4 9 1 4 19 16 25 25 16 9 4 1 1 9 17 7 11 21 21 9 4 1 2 1 23 16 12 13 13 13 13 13 3 18 4 2 3 9 16 1 2 3 5 19 8 8 8 1 2 6 1 4 8 20 16 17 16 17 20 33 9 31 13 37 22 20 22 1 29 4 7 2 21 16 16 28 46 28 2 15 6 1 34 9 2 7 1 1 20 16 9 1
5 19 8 8 8 1 2 6 1 4 8 20 16 17 16 17 20 33 9 31 13 37 22 20 22 1 29 4 7 2 21 16 16 28 46 28 2 15 6 1 34 9 2 7 1 1 20 16 9 1 0 8 16 11 12 1 2 3 4 9 1 4 19 16 25 25 16 9 4 1 1 9 17 7 11 21 21 9 4 1 2 1 23 16 12 13 13 13 13 13 3 18 4 2 3 9 16 1 2 3
13 37 22 20 22 1 29 4 7 2 21 16 16 28 46 28 2 15 6 1 34 9 2 7 1 1 20 16 9 1 0 8 16 11 12 1 2 3 4 9 1 4 19 16 25 25 16 9 4 1 1 9 17 7 11 21 21 9 4 1 2 1 23 16 12 13 13 13 13 13 3 18 4 2 3 9 16 1 2 3 5 19 8 8 8 1 2 6 1 4 8 20 16 17 16 17 20 33 9 31
1 9 17 7 11 21 21 9 4 1 2 1 23 16 12 13 13 13 13 13 3 18 4 2 3 9 16 1 2 3 5 19 8 8 8 1 2 6 1 4 8 20 16 17 16 17 20 33 9 31 13 37 22 20 22 1 29 4 7 2 21 16 16 28 46 28 2 15 6 1 34 9 2 7 1 1 20 16 9 1 0 8 16 11 12 1 2 3 4 9 1 4 19 16 25 25 16 9 4 1
34 9 2 7 1 1 20 16 9 1 0 8 16 11 12 1 2 3 4 9 1 9 17 7 11 21 21 9 4 1 2 1 23 16 12 13 13 13 13 13 3 18 4 2 3 9 16 1 2 3 5 19 8 8 8 1 2 6 1 4 8 20 16 17 16 17 20 33 9 31 13 37 22 20 22 1 29 4 7 2 21 16 16 28 46 28 2 15 6 1 1 4 19 16 25 25 16 9 4 1
0 8 16 11 12 1 2 3 4 9 1 4 19 16 25 25 16 9 4 1 1 9 17 7 11 21 21 9 4 1 2 1 23 16 12 13 13 13 13 13 3 18 4 2 3 9 16 1 2 3 5 19 8 8 8 1 2 6 1 4 8 20 16 17 16 17 20 33 9 31 13 37 22 20 22 1 29 4 7 2 21 16 16 28 46 28 2 15 6 1 34 9 2 7 1 1 20 16 9 1
5 19 8 8 8 1 2 6 1 4 8 20 16 17 16 17 20 33 9 31 13 37 22 20 22 1 29 4 7 2 21 16 16 28 46 28 2 15 6 1 34 9 2 7 1 1 20 16 9 1 0 8 16 11 12 1 2 3 4 9 1 4 19 16 25 25 16 9 4 1 1 9 17 7 11 21 21 9 4 1 2 1 23 16 12 13 13 13 13 13 3 18 4 2 3 9 16 1 2 3
13 37 22 20 22 1 29 4 7 2 21 16 16 28 46 28 2 15 6 1 34 9 2 7 1 1 20 16 9 1 0 8 16 11 12 1 2 3 4 9 1 4 19 16 25 25 16 9 4 1 1 9 17 7 11 21 21 9 4 1 2 1 23 16 12 13 13 13 13 13 3 18 4 2 3 9 16 1 2 3 5 19 8 8 8 1 2 6 1 4 8 20 16 17 16 17 20 33 9 31
1 9 17 7 11 21 21 9 4 1 2 1 23 16 12 13 13 13 13 13 3 18 4 2 3 9 16 1 2 3 5 19 8 8 8 1 2 6 1 4 8 20 16 17 16 17 20 33 9 31 13 37 22 20 22 1 29 4 7 2 21 16 16 28 46 28 2 15 6 1 34 9 2 7 1 1 20 16 9 1 0 8 16 11 12 1 2 3 4 9 1 4 19 16 25 25 16 9 4 1
34 9 2 7 1 1 20 16 9 1 0 8 16 11 12 1 2 3 4 9 1 9 17 7 11 21 21 9 4 1 2 1 23 16 12 13 13 13 13 13 3 18 4 2 3 9 16 1 2 3 5 19 8 8 8 1 2 6 1 4 8 20 16 17 16 17 20 33 9 31 13 37 22 20 22 1 29 4 7 2 21 16 16 28 46 28 2 15 6 1 1 4 19 16 25 25 16 9 4 1
0 8 16 11 12 1 2 3 4 9 1 4 19 16 25 25 16 9 4 1 1 9 17 7 11 21 21 9 4 1 2 1 23 16 12 13 13 13 13 13 3 18 4 2 3 9 16 1 2 3 5 19 8 8 8 1 2 6 1 4 8 20 16 17 16 17 20 33 9 31 13 37 22 20 22 1 29 4 7 2 21 16 16 28 46 28 2 15 6 1 34 9 2 7 1 1 20 16 9 1
5 19 8 8 8 1 2 6 1 4 8 20 16 17 16 17 20 33 9 31 13 37 22 20 22 1 29 4 7 2 21 16 16 28 46 28 2 15 6 1 34 9 2 7 1 1 20 16 9 1 0 8 16 11 12 1 2 3 4 9 1 4 19 16 25 25 16 9 4 1 1 9 17 7 11 21 21 9 4 1 2 1 23 16 12 13 13 13 13 13 3 18 4 2 3 9 16 1 2 3
13 37 22 20 22 1 29 4 7 2 21 16 16 28 46 28 2 15 6 1 34 9 2 7 1 1 20 16 9 1 0 8 16 11 12 1 2 3 4 9 1 4 19 16 25 25 16 9 4 1 1 9 17 7 11 21 21 9 4 1 2 1 23 16 12 13 13 13 13 13 3 18 4 2 3 9 16 1 2 3 5 19 8 8 8 1 2 6 1 4 8 20 16 17 16 17 20 33 9 31
1 9 17 7 11 21 21 9 4 1 2 1 23 16 12 13 13 13 13 13 3 18 4 2 3 9 16 1 2 3 5 19 8 8 8 1 2 6 1 4 8 20 16 17 16 17 20 33 9 31 13 37 22 20 22 1 29 4 7 2 21 16 16 28 46 28 2 15 6 1 34 9 2 7 1 1 20 16 9 1 0 8 16 11 12 1 2 3 4 9 1 4 19 16 25 25 16 9 4 1
34 9 2 7 1 1 20 16 9 1 0 8 16 11 12 1 2 3 4 9 1 9 17 7 11 21 21 9 4 1 2 1 23 16 12 13 13 13 13 13 3 18 4 2 3 9 16 1 2 3 5 19 8 8 8 1 2 6 1 4 8 20 16 17 16 17 20 33 9 31 13 37 22 20 22 1 29 4 7 2 21 16 16 28 46 28 2 15 6 1 1 4 19 16 25 25 16 9 4 1
0 8 16 11 12 1 2 3 4 9 1 4 19 16 25 25 16 9 4 1 1 9 17 7 11 21 21 9 4 1 2 1 23 16 12 13 13 13 13 13 3 18 4 2 3 9 16 1 2 3 5 19 8 8 8 1 2 6 1 4 8 20 16 17 16 17 20 33 9 31 13 37 22 20 22 1 29 4 7 2 21 16 16 28 46 28 2 15 6 1 34 9 2 7 1 1 20 16 9 1
5 19 8 8 8 1 2 6 1 4 8 20 16 17 16 17 20 33 9 31 13 37 22 20 22 1 29 4 7 2 21 16 16 28 46 28 2 15 6 1 34 9 2 7 1 1 20 16 9 1 0 8 16 11 12 1 2 3 4 9 1 4 19 16 25 25 16 9 4 1 1 9 17 7 11 21 21 9 4 1 2 1 23 16 12 13 13 13 13 13 3 18 4 2 3 9 16 1 2 3
13 37 22 20 22 1 29 4 7 2 21 16 16 28 46 28 2 15 6 1 34 9 2 7 1 1 20 16 9 1 0 8 16 11 12 1 2 3 4 9 1 4 19 16 25 25 16 9 4 1 1 9 17 7 11 21 21 9 4 1 2 1 23 16 12 13 13 13 13 13 3 18 4 2 3 9 16 1 2 3 5 19 8 8 8 1 2 6 1 4 8 20 16 17 16 17 20 33 9 31
1 9 17 7 11 21 21 9 4 1 2 1 23 16 12 13 13 13 13 13 3 18 4 2 3 9 16 1 2 3 5 19 8 8 8 1 2 6 1 4 8 20 16 17 16 17 20 33 9 31 13 37 22 20 22 1 29 4 7 2 21 16 16 28 46 28 2 15 6 1 34 9 2 7 1 1 20 16 9 1 0 8 16 11 12 1 2 3 4 9 1 4 19 16 25 25 16 9 4 1
34 9 2 7 1 1 20 16 9 1 0 8 16 11 12 1 2 3 4 9 1 9 17 7 11 21 21 9 4 1 2 1 23 16 12 13 13 13 13 13 3 18 4 2 3 9 16 1 2 3 5 19 8 8 8 1 2 6 1 4 8 20 16 17 16 17 20 33 9 31 13 37 22 20 22 1 29 4 7 2 21 16 16 28 46 28 2 15 6 1 1 4 19 16 25 25 16 9 4 1
0 8 16 11 12 1 2 3 4 9 1 4 19 16 25 25 16 9 4 1 1 9 17 7 11 21 21 9 4 1 2 1 23 16 12 13 13 13 13 13 3 18 4 2 3 9 16 1 2 3 5 19 8 8 8 1 2 6 1 4 8 20 16 17 16 17 20 33 9 31 13 37 22 20 22 1 29 4 7 2 21 16 16 28 46 28 2 15 6 1 34 9 2 7 1 1 20 16 9 1
5 19 8 8 8 1 2 6 1 4 8 20 16 17 16 17 20 33 9 31 13 37 22 20 22 1 29 4 7 2 21 16 16 28 46 28 2 15 6 1 34 9 2 7 1 1 20 16 9 1 0 8 16 11 12 1 2 3 4 9 1 4 19 16 25 25 16 9 4 1 1 9 17 7 11 21 21 9 4 1 2 1 23 16 12 13 13 13 13 13 3 18 4 2 3 9 16 1 2 3
13 37 22 20 22 1 29 4 7 2 21 16 16 28 46 28 2 15 6 1 34 9 2 7 1 1 20 16 9 1 0 8 16 11 12 1 2 3 4 9 1 4 19 16 25 25 16 9 4 1 1 9 17 7 11 21 21 9 4 1 2 1 23 16 12 13 13 13 13 13 3 18 4 2 3 9 16 1 2 3 5 19 8 8 8 1 2 6 1 4 8 20 16 17 16 17 20 33 9 31
1 9 17 7 11 21 21 9 4 1 2 1 23 16 12 13 13 13 13 13 3 18 4 2 3 9 16 1 2 3 5 19 8 8 8 1 2 6 1 4 8 20 16 17 16 17 20 33 9 31 13 37 22 20 22 1 29 4 7 2 21 16 16 28 46 28 2 15 6 1 34 9 2 7 1 1 20 16 9 1 0 8 16 11 12 1 2 3 4 9 1 4 19 16 25 25 16 9 4 1
34 9 2 7 1 1 20 16 9 1 0 8 16 11 12 1 2 3 4 9 1 9 17 7 11 21 21 9 4 1 2 1 23 16 12 13 13 13 13 13 3 18 4 2 3 9 16 1 2 3 5 19 8 8 8 1 2 6 1 4 8 20 16 17 16 17 20 33 9 31 13 37 22 20 22 1 29 4 7 2 21 16 16 28 46 28 2 15 6 1 1 4 19 16 25 25 16 9 4 1
0 8 16 11 12 1 2 3 4 9 1 4 19 16 25 25 16 9 4 1 1 9 17 7 11 21 21 9 4 1 2 1 23 16 12 13 13 13 13 13 3 18 4 2 3 9 16 1 2 3 5 19 8 8 8 1 2 6 1 4 8 20 16 17 16 17 20 33 9 31 13 37 22 20 22 1 29 4 7 2 21 16 16 28 46 28 2 15 6 1 34 9 2 7 1 1 20 16 9 1
5 19 8 8 8 1 2 6 1 4 8 20 16 17 16 17 20 33 9 31 13 37 22 20 22 1 29 4 7 2 21 16 16 28 46 28 2 15 6 1 34 9 2 7 1 1 20 16 9 1 0 8 16 11 12 1 2 3 4 9 1 4 19 16 25 25 16 9 4 1 1 9 17 7 11 21 21 9 4 1 2 1 23 16 12 13 13 13 13 13 3 18 4 2 3 9 16 1 2 3
13 37 22 20 22 1 29 4 7 2 21 16 16 28 46 28 2 15 6 1 34 9 2 7 1 1 20 16 9 1 0 8 16 11 12 1 2 3 4 9 1 4 19 16 25 25 16 9 4 1 1 9 17 7 11 21 21 9 4 1 2 1 23 16 12 13 13 13 13 13 3 18 4 2 3 9 16 1 2 3 5 19 8 8 8 1 2 6 1 4 8 20 16 17 16 17 20 33 9 31
1 9 17 7 11 21 21 9 4 1 2 1 23 16 12 13 13 13 13 13 3 18 4 2 3 9 16 1 2 3 5 19 8 8 8 1 2 6 1 4 8 20 16 17 16 17 20 33 9 31 13 37 22 20 22 1 29 4 7 2 21 16 16 28 46 28 2 15 6 1 34 9 2 7 1 1 20 16 9 1 0 8 16 11 12 1 2 3 4 9 1 4 19 16 25 25 16 9 4 1
34 9 2 7 1 1 20 16 9 1 0 8 16 11 12 1 2 3 4 9 1 9 17 7 11 21 21 9 4 1 2 1 23 16 12 13 13 13 13 13 3 18 4 2 3 9 16 1 2 3 5 19 8 8 8 1 2 6 1 4 8 20 16 17 16 17 20 33 9 31 13 37 22 20 22 1 29 4 7 2 21 16 16 28 46 28 2 15 6 1 1 4 19 16 25 25 16 9 4 1
34 9 2 7 1 1 20 16 9 1 0 8 16 11 12 1 2 3 4 9 1 9 17 7 11 21 21 9 4 1 2 1 23 16 12 13 13 13 13 13 3 18 4 2 3 9 16 1 2 3 5 19 8 8 8 1 2 6 1 4 8 20 16 17 16 17 20 33 9 31 13 37 22 20 22 1 29 4 7 2 21 16 16 28 46 28 2 15 6 1 1 4 19 16 25 25 16 9 4 1
0 8 16 11 12 1 2 3 4 9 1 4 19 16 25 25 16 9 4 1 1 9 17 7 11 21 21 9 4 1 2 1 23 16 12 13 13 13 13 13 3 18 4 2 3 9 16 1 2 3 5 19 8 8 8 1 2 6 1 4 8 20 16 17 16 17 20 33 9 31 13 37 22 20 22 1 29 4 7 2 21 16 16 28 46 28 2 15 6 1 34 9 2 7 1 1 20 16 9 1
5 19 8 8 8 1 2 6 1 4 8 20 16 17 16 17 20 33 9 31 13 37 22 20 22 1 29 4 7 2 21 16 16 28 46 28 2 15 6 1 34 9 2 7 1 1 20 16 9 1 0 8 16 11 12 1 2 3 4 9 1 4 19 16 25 25 16 9 4 1 1 9 17 7 11 21 21 9 4 1 2 1 23 16 12 13 13 13 13 13 3 18 4 2 3 9 16 1 2 3
1 9 17 7 11 21 21 9 4 1 2 1 23 16 12 13 13 13 13 13 3 18 4 2 3 9 16 1 2 3 5 19 8 8 8 1 2 6 1 4 8 20 16 17 16 17 20 33 9 31 13 37 22 20 22 1 29 4 7 2 21 16 16 28 46 28 2 15 6 1 34 9 2 7 1 1 20 16 9 1 0 8 16 11 12 1 2 3 4 9 1 4 19 16 25 25 16 9 4 1
34 9 2 7 1 1 20 16 9 1 0 8 16 11 12 1 2 3 4 9 1 9 17 7 11 21 21 9 4 1 2 1 23 16 12 13 13 13 13 13 3 18 4 2 3 9 16 1 2 3 5 19 8 8 8 1 2 6 1 4 8 20 16 17 16 17 20 33 9 31 13 37 22 20 22 1 29 4 7 2 21 16 16 28 46 28 2 15 6 1 1 4 19 16 25 25 16 9 4 1
0 8 16 11 12 1 2 3 4 9 1 4 19 16 25 25 16 9 4 1 1 9 17 7 11 21 21 9 4 1 2 1 23 16 12 13 13 13 13 13 3 18 4 2 3 9 16 1 2 3 5 19 8 8 8 1 2 6 1 4 8 20 16 17 16 17 20 33 9 31 13 37 22 20 22 1 29 4 7 2 21 16 16 28 46 28 2 15 6 1 34 9 2 7 1 1 20 16 9 1
5 19 8 8 8 1 2 6 1 4 8 20 16 17 16 17 20 33 9 31 13 37 22 20 22 1 29 4 7 2 21 16 16 28 46 28 2 15 6 1 34 9 2 7 1 1 20 16 9 1 0 8 16 11 12 1 2 3 4 9 1 4 19 16 25 25 16 9 4 1 1 9 17 7 11 21 21 9 4 1 2 1 23 16 12 13 13 13 13 13 3 18 4 2 3 9 16 1 2 3
13 37 22 20 22 1 29 4 7 2 21 16 16 28 46 28 2 15 6 1 34 9 2 7 1 1 20 16 9 1 0 8 16 11 12 1 2 3 4 9 1 4 19 16 25 25 16 9 4 1 1 9 17 7 11 21 21 9 4 1 2 1 23 16 12 13 13 13 13 13 3 18 4 2 3 9 16 1 2 3 5 19 8 8 8 1 2 6 1 4 8 20 16 17 16 17 20 33 9 31
1 9 17 7 11 21 21 9 4 1 2 1 23 16 12 13 13 13 13 13 3 18 4 2 3 9 16 1 2 3 5 19 8 8 8 1 2 6 1 4 8 20 16 17 16 17 20 33 9 31 13 37 22 20 22 1 29 4 7 2 21 16 16 28 46 28 2 15 6 1 34 9 2 7 1 1 20 16 9 1 0 8 16 11 12 1 2 3 4 9 1 4 19 16 25 25 16 9 4 1
34 9 2 7 1 1 20 16 9 1 0 8 16 11 12 1 2 3 4 9 1 9 17 7 11 21 21 9 4 1 2 1 23 16 12 13 13 13 13 13 3 18 4 2 3 9 16 1 2 3 5 19 8 8 8 1 2 6 1 4 8 20 16 17 16 17 20 33 9 31 13 37 22 20 22 1 29 4 7 2 21 16 16 28 46 28 2 15 6 1 1 4 19 16 25 25 16 9 4 1
34 9 2 7 1 1 20 16 9 1 0 8 16 11 12 1 2 3 4 9 1 9 17 7 11 21 21 9 4 1 2 1 23 16 12 13 13 13 13 13 3 18 4 2 3 9 16 1 2 3 5 19 8 8 8 1 2 6 1 4 8 20 16 17 16 17 20 33 9 31 13 37 22 20 22 1 29 4 7 2 21 16 16 28 46 28 2 15 6 1 1 4 19 16 25 25 16 9 4 1
0 8 16 11 12 1 2 3 4 9 1 4 19 16 25 25 16 9 4 1 1 9 17 7 11 21 21 9 4 1 2 1 23 16 12 13 13 13 13 13 3 18 4 2 3 9 16 1 2 3 5 19 8 8 8 1 2 6 1 4 8 20 16 17 16 17 20 33 9 31 13 37 22 20 22 1 29 4 7 2 21 16 16 28 46 28 2 15 6 1 34 9 2 7 1 1 20 16 9 1
5 19 8 8 8 1 2 6 1 4 8 20 16 17 16 17 20 33 9 31 13 37 22 20 22 1 29 4 7 2 21 16 16 28 46 28 2 15 6 1 34 9 2 7 1 1 20 16 9 1 0 8 16 11 12 1 2 3 4 9 1 4 19 16 25 25 16 9 4 1 1 9 17 7 11 21 21 9 4 1 2 1 23 16 12 13 13 13 13 13 3 18 4 2 3 9 16 1 2 3
1 9 17 7 11 21 21 9 4 1 2 1 23 16 12 13 13 13 13 13 3 18 4 2 3 9 16 1 2 3 5 19 8 8 8 1 2 6 1 4 8 20 16 17 16 17 20 33 9 31 13 37 22 20 22 1 29 4 7 2 21 16 16 28 46 28 2 15 6 1 34 9 2 7 1 1 20 16 9 1 0 8 16 11 12 1 2 3 4 9 1 4 19 16 25 25 16 9 4 1
34 9 2 7 1 1 20 16 9 1 0 8 16 11 12 1 2 3 4 9 1 9 17 7 11 21 21 9 4 1 2 1 23 16 12 13 13 13 13 13 3 18 4 2 3 9 16 1 2 3 5 19 8 8 8 1 2 6 1 4 8 20 16 17 16 17 20 33 9 31 13 37 22 20 22 1 29 4 7 2 21 16 16 28 46 28 2 15 6 1 1 4 19 16 25 25 16 9 4 1
0 8 16 11 12 1 2 3 4 9 1 4 19 16 25 25 16 9 4 1 1 9 17 7 11 21 21 9 4 1 2 1 23 16 12 13 13 13 13 13 3 18 4 2 3 9 16 1 2 3 5 19 8 8 8 1 2 6 1 4 8 20 16 17 16 17 20 33 9 31 13 37 22 20 22 1 29 4 7 2 21 16 16 28 46 28 2 15 6 1 34 9 2 7 1 1 20 16 9 1
5 19 8 8 8 1 2 6 1 4 8 20 16 17 16 17 20 33 9 31 13 37 22 20 22 1 29 4 7 2 21 16 16 28 46 28 2 15 6 1 34 9 2 7 1 1 20 16 9 1 0 8 16 11 12 1 2 3 4 9 1 4 19 16 25 25 16 9 4 1 1 9 17 7 11 21 21 9 4 1 2 1 23 16 12 13 13 13 13 13 3 18 4 2 3 9 16 1 2 3
13 37 22 20 22 1 29 4 7 2 21 16 16 28 46 28 2 15 6 1 34 9 2 7 1 1 20 16 9 1 0 8 16 11 12 1 2 3 4 9 1 4 19 16 25 25 16 9 4 1 1 9 17 7 11 21 21 9 4 1 2 1 23 16 12 13 13 13 13 13 3 18 4 2 3 9 16 1 2 3 5 19 8 8 8 1 2 6 1 4 8 20 16 17 16 17 20 33 9 31
1 9 17 7 11 21 21 9 4 1 2 1 23 16 12 13 13 13 13 13 3 18 4 2 3 9 16 1 2 3 5 19 8 8 8 1 2 6 1 4 8 20 16 17 16 17 20 33 9 31 13 37 22 20 22 1 29 4 7 2 21 16 16 28 46 28 2 15 6 1 34 9 2 7 1 1 20 16 9 1 0 8 16 11 12 1 2 3 4 9 1 4 19 16 25 25 16 9 4 1
34 9 2 7 1 1 20 16 9 1 0 8 16 11 12 1 2 3 4 9 1 9 17 7 11 21 21 9 4 1 2 1 23 16 12 13 13 13 13 13 3 18 4 2 3 9 16 1 2 3 5 19 8 8 8 1 2 6 1 4 8 20 16 17 16 17 20 33 9 31 13 37 22 20 22 1 29 4 7 2 21 16 16 28 46 28 2 15 6 1 1 4 19 16 25 25 16 9 4 1
